,goldTotal,goldDiff,champKills,killDiff,towerKills,towerDiff,inhibKills,inhibDiff,dragonKills,dragonDiff,baronKills,baronDiff,time
0,0.25456427787,0.57475120668,0.0435256188979,0.127158896552,0.0,0.0,0.0,0.0,0.0,0.0,0.0,0.0,1
1,0.400531468814,0.568406585483,0.0082100904358,0.0228518552672,0.0,0.0,0.0,0.0,0.0,0.0,0.0,0.0,2
2,0.32448301762,0.576526493708,0.0275614943417,0.0714289943299,0.0,0.0,0.0,0.0,0.0,0.0,0.0,0.0,3
3,0.22595973437,0.387232095904,0.0543933025326,0.122414867193,0.0,0.0,0.0,0.0,0.0,0.0,0.0,0.0,4
4,0.179239642235,0.368768294478,0.0494356261605,0.142556437127,0.0,0.0,0.0,0.0,0.0,0.0,0.0,0.0,5
5,0.16036464089,0.477083092316,0.0562217298302,0.204581380641,0.0,0.0,0.0,0.0,0.00340310989819,0.00834604642371,0.0,0.0,6
6,0.158719935634,0.52934382188,0.069908096653,0.235304382133,0.000394165917622,0.000907536004933,0.0,0.0,0.00166299158451,0.003759070193,0.0,0.0,7
7,0.164116191662,0.524366406402,0.0612238050214,0.217967868139,0.00180095480848,0.00268371643593,0.0,0.0,0.0102492240666,0.00759183346418,0.0,0.0,8
8,0.159821417596,0.540936088145,0.0537185664517,0.212557474429,0.00348395820215,0.00865079854259,0.0,0.0,0.00688272811495,0.0139489685189,0.0,0.0,9
9,0.177726449281,0.516474812788,0.0433281772305,0.211647192844,0.0073066338637,0.015449632214,0.0,0.0,0.00549284537127,0.0125742564078,0.0,0.0,10
10,0.152376028605,0.48407054498,0.0610791120974,0.225449130545,0.0113133113678,0.0287537512591,0.0,0.0,0.0120903008647,0.0148678202806,0.0,0.0,11
11,0.138081292416,0.501659925151,0.0494317280954,0.207473399945,0.0139698523202,0.039872743261,0.0,0.0,0.0136764235309,0.0258346352802,0.0,0.0,12
12,0.154394721978,0.459600776971,0.0396315331643,0.203556607925,0.0188345558922,0.0555757153531,0.0,0.0,0.0136901597572,0.0347159289593,0.0,0.0,13
13,0.120280379784,0.447292155753,0.0479692972645,0.197822515061,0.0354479755455,0.0794336127087,0.0,0.0,0.018195890049,0.0335581738338,0.0,0.0,14
14,0.115786814399,0.428889995138,0.0337191786892,0.252054859687,0.0268979095154,0.087491919475,0.0,8.04603023404e-05,0.0171836366456,0.0378952261475,0.0,0.0,15
15,0.1547803285,0.350756879935,0.0329724490389,0.243651290521,0.0485240459096,0.114815877209,1.30976940523e-05,0.000291252784709,0.0174016013864,0.0367931770196,0.0,0.0,16
16,0.126133910109,0.428112823021,0.0266994436638,0.183228807079,0.0410973335713,0.135260226268,0.000232856353128,0.000296896580773,0.023676343239,0.0352613601158,0.0,0.0,17
17,0.127420482406,0.39311810647,0.0415209805864,0.198500719189,0.049424055477,0.138293824175,0.000223296844472,0.000362757138497,0.0201844741107,0.0309513036038,0.0,0.0,18
18,0.114818690497,0.37426308343,0.0355029371779,0.216839937369,0.0384295963901,0.154531763654,0.00042433581578,0.00093065758109,0.0253954277983,0.0388635702859,0.0,0.0,19
19,0.118355731001,0.297953641726,0.0202143068753,0.207604451791,0.0762839416028,0.198939225593,0.000496362952545,0.00170248573221,0.0269458803077,0.0515039724191,0.0,0.0,20
20,0.103411720845,0.417323970533,0.0269218794071,0.181056042858,0.0762180224562,0.128345856578,0.00106736667794,0.000801599350987,0.0287683672523,0.0360536200349,0.0,3.15540066142e-05,21
21,0.115677068378,0.372910078389,0.0199894130146,0.151612641554,0.0655748969048,0.19523076979,0.000342319579329,0.00168686727827,0.0235855323274,0.0532657461869,3.30296196716e-06,0.000121363635854,22
22,0.0827215244327,0.362275007229,0.0212076829215,0.160925741317,0.102165152504,0.209251662987,0.00170024931207,0.0042194960377,0.0162379238621,0.0390432846303,5.44136285793e-05,0.000197861138481,23
23,0.104493478259,0.368706826345,0.0158155788093,0.183980614371,0.0914989564083,0.162014868811,0.000955831396831,0.00548391998296,0.0269782160688,0.0394424552458,0.000152894725974,0.000476359574646,24
24,0.0836325754019,0.40206976652,0.0136369438701,0.17238704273,0.0718245364454,0.193293518488,0.00119108460638,0.00393177537878,0.0214170606268,0.0351480865711,0.000185352199217,0.00128225716242,25
25,0.0602301986165,0.35377987493,0.00665306330189,0.191246533121,0.0921500284982,0.206404558268,0.00181065785018,0.0141607136228,0.0213644742185,0.0498261893431,0.000654550660282,0.00171915757033,26
26,0.0842284947421,0.359209310764,0.0150454238428,0.128071060457,0.100806351132,0.226061205017,0.00745755233771,0.0165770017469,0.0173154288249,0.0411737118339,0.000932399895988,0.00312205940552,27
27,0.0573529436957,0.371876940131,0.0118207709905,0.133124267325,0.0872922137286,0.222630753278,0.0140298829103,0.0205006294083,0.0305973986896,0.046624649527,0.00103327501785,0.00311627529789,28
28,0.080598425876,0.384286823785,0.00942214502101,0.127205994578,0.0932989001436,0.201773819974,0.0190515501679,0.0393272833742,0.0136202814613,0.0240576570021,0.00189134388346,0.00546577473415,29
29,0.0832143538778,0.405108038124,0.00920713131835,0.0936166966217,0.107168294086,0.191071289,0.0167418148193,0.0529106208905,0.0111972181609,0.0212811687813,0.0017226182656,0.00676075605536,30
30,0.0561688081922,0.407128175269,0.00637633332004,0.13294170966,0.0870333371066,0.173597648331,0.0226117171715,0.0589815720201,0.0152230873965,0.0294411810924,0.0029166949913,0.00757973544958,31
31,0.072808525027,0.388837888192,0.00792071015238,0.128473022372,0.0724371165784,0.213813808513,0.0110179562635,0.0568906377892,0.00754748248705,0.0247197440489,0.00366739529344,0.011865713283,32
32,0.0554092587684,0.401720459351,0.006411367959,0.139759198361,0.0712825541405,0.201120618003,0.0436396397373,0.0358837436161,0.00853699947423,0.0198413053796,0.00410663126811,0.0122882239414,33
33,0.0328021234552,0.372086794397,0.00728691423586,0.115085313324,0.11746480881,0.184143218732,0.0374473935309,0.0841377233035,0.0114835397233,0.0216624633203,0.0055571252385,0.0108425819292,34
34,0.031682108289,0.343496763707,0.00648095617364,0.121746197917,0.0886099714224,0.213119373988,0.0321329549821,0.110122349272,0.00783946374441,0.0250875096834,0.00460547484657,0.0150768759751,35
35,0.0519399190812,0.3406510076,0.00687499409042,0.103223567297,0.0676108102664,0.213224295885,0.0551924536678,0.109614223155,0.00861975073522,0.0233278722221,0.0058423747612,0.0138787312381,36
36,0.0335976218124,0.375080489262,0.00776729457448,0.0722062653498,0.100857935873,0.171475459596,0.0651400027514,0.127768451409,0.00844573006647,0.0164435641564,0.00782973161767,0.013387453532,37
37,0.0415286719558,0.418023445054,0.00767775480402,0.058150842691,0.0709112300649,0.180527274482,0.0498891550264,0.122970322667,0.012492954114,0.0194232359067,0.00579543403533,0.0126096791997,38
38,0.0431045636594,0.440499244536,0.00836849710315,0.0489316452683,0.0648159068633,0.152264671733,0.0444664373157,0.155132217561,0.00672631676232,0.0149333781662,0.0078465899322,0.012910531099,39
39,0.060662513591,0.3861810212,0.0090389721306,0.0541950994956,0.0831006386591,0.181727486842,0.0382328046433,0.146577201029,0.00873675981925,0.0109879152164,0.00571849172369,0.0148410956496,40
40,0.0535599553051,0.402350381136,0.00902378786075,0.0639758523429,0.0785262607916,0.170571553481,0.0567707449658,0.115750623882,0.0117814689388,0.0180208396188,0.005964290303,0.0137042413751,41
41,0.0553374184541,0.396289533087,0.01028767572,0.0498547392177,0.0631518096709,0.197465865508,0.061047333264,0.12525216015,0.00947508287969,0.0121551302814,0.00571306291696,0.0139701888496,42
42,0.0660018055695,0.39453033461,0.0125790362634,0.0475726883306,0.0428423243525,0.213849965897,0.0405214314372,0.134932492843,0.00866794914198,0.0179012007571,0.00601768628476,0.0145830845125,43
43,0.0542116008252,0.383724320166,0.0139486558853,0.0527281944061,0.0668145692588,0.193241207733,0.0522157527675,0.142665301774,0.00588241244307,0.0139478935625,0.00594512411687,0.0146749670625,44
44,0.05643847918,0.424313083803,0.0167073659559,0.0396789054784,0.0592198557095,0.173312205288,0.0397056293675,0.150947471415,0.00668657455734,0.0102759045744,0.00783215845876,0.0148823662121,45
45,0.0494611914574,0.3928671802,0.0143599521972,0.0476402861868,0.0643642610656,0.243466320986,0.0466484180961,0.105138684867,0.00704816162682,0.0122141843165,0.00555461589984,0.0112367430999,46
46,0.0770656657039,0.306586280879,0.016679168547,0.0435744946767,0.105689910693,0.222368319606,0.0509071949963,0.137111428503,0.00598477067083,0.00970373105354,0.00791190286966,0.0164171318002,47
47,0.0620275844486,0.307804412594,0.0143939217101,0.0372953046388,0.109666295341,0.250853289746,0.0694778641376,0.100259459496,0.00907970162073,0.0166212174531,0.00845476998318,0.014066178831,48
48,0.0489292474408,0.317360127065,0.0187659289142,0.0397519104828,0.0899275554752,0.234740920038,0.0475187710827,0.167050896705,0.00786708711529,0.00947926254146,0.0057527244197,0.0128555687198,49
49,0.0583828548866,0.330370591957,0.0175533045523,0.0344463976194,0.0995831433116,0.194336611723,0.0497628156072,0.168944681608,0.00376520367776,0.00771666288435,0.0132513414617,0.021886390711,50
50,0.0616713107626,0.305712158226,0.021455360367,0.0316106253418,0.11632787929,0.268083587608,0.0697688142321,0.089554267334,0.00495301504752,0.0141582501721,0.00612055329271,0.0105841783262,51
51,0.0557142641353,0.281619182336,0.0156180362208,0.0235103302985,0.130830578755,0.283324761326,0.0530812919225,0.124044883354,0.00489734707615,0.00995839119778,0.00639109302958,0.0110098403482,52
52,0.068596762677,0.299101733061,0.0146990478846,0.0464812423857,0.110836593883,0.183275496073,0.0510018053986,0.184945481756,0.0122155920102,0.012634099442,0.00322416225646,0.0129879831724,53
53,0.0524031704783,0.332248854277,0.0149048753296,0.0539307866658,0.134788315302,0.228780351666,0.0565252075629,0.0926372412405,0.00683436598228,0.00706075740257,0.00856131133559,0.0113247627571,54
54,0.0668976719694,0.284492729648,0.0119700442303,0.0257824837678,0.105057001567,0.314195779514,0.051950765811,0.104304821129,0.00193826831115,0.0131019212937,0.0111099566263,0.00919855613271,55
55,0.0724576708055,0.27086571661,0.0173204315939,0.0255378539483,0.207529524576,0.161398545897,0.0615969730839,0.106666254987,0.00940394522094,0.00441949823613,0.00771341005083,0.0550901749904,56
56,0.0686787037661,0.268830590888,0.00610676834385,0.030351894759,0.143021725693,0.236544894221,0.099959618368,0.087480423995,0.00587690890136,0.00301542711242,0.0379644774338,0.0121685665184,57
57,0.0819195844515,0.356401507301,0.0245422962739,0.0933858500874,0.0855509742133,0.116924467521,0.0596939005722,0.0871399904197,0.01,0.0,0.0828843392757,0.00155708988409,58
58,0.02,0.28,0.01,0.03,0.13,0.18,0.0,0.13,0.02,0.03,0.1,0.07,59
59,0.17,0.24,0.07,0.12,0.0,0.09,0.02,0.05,0.04,0.0,0.01,0.08,60
60,0.0,0.0,0.0,0.0,0.0,0.0,0.0,0.0,0.0,0.0,0.0,0.0,61
61,0.0,0.0,0.0,0.0,0.0,0.0,0.0,0.0,0.0,0.0,0.0,0.0,62
62,0.0,0.0,0.0,0.0,0.0,0.0,0.0,0.0,0.0,0.0,0.0,0.0,63
63,0.0,0.0,0.0,0.0,0.0,0.0,0.0,0.0,0.0,0.0,0.0,0.0,64
64,0.0,0.0,0.0,0.0,0.0,0.0,0.0,0.0,0.0,0.0,0.0,0.0,65
65,0.0,0.0,0.0,0.0,0.0,0.0,0.0,0.0,0.0,0.0,0.0,0.0,66
